test1 : 270.492109941
test2 : 284.672680930
test3 : 277.742546061
test4 : 275.789302619
test5 : 197.155379602
test6 : 229.694973004
